{"nodes": [{"category": 4, "id": "class,1,0", "subgraphIndex": 0, "symbolSize": 387, "name": "class,1,0", "isCutPoint": false}, {"category": 0, "id": "isAWD,1,0", "subgraphIndex": 0, "symbolSize": 387, "name": "isAWD,1,0", "isCutPoint": false}, {"category": 12, "id": "Retail Price,1,0", "subgraphIndex": 0, "symbolSize": 387, "name": "Retail Price,1,0", "isCutPoint": false}, {"category": 7, "id": "Dealer Cost,1,0", "subgraphIndex": 0, "symbolSize": 387, "name": "Dealer Cost,1,0", "isCutPoint": false}, {"category": 11, "id": "Engine Size (l),1,0", "subgraphIndex": 0, "symbolSize": 387, "name": "Engine Size (l),1,0", "isCutPoint": false}, {"category": 1, "id": "Cyl,1,0", "subgraphIndex": 0, "symbolSize": 387, "name": "Cyl,1,0", "isCutPoint": false}, {"category": 2, "id": "HP,1,0", "subgraphIndex": 0, "symbolSize": 387, "name": "HP,1,0", "isCutPoint": false}, {"category": 8, "id": "City MPG,1,0", "subgraphIndex": 0, "symbolSize": 387, "name": "City MPG,1,0", "isCutPoint": false}, {"category": 9, "id": "Hwy MPG,1,0", "subgraphIndex": 0, "symbolSize": 387, "name": "Hwy MPG,1,0", "isCutPoint": false}, {"category": 6, "id": "Weight,1,0", "subgraphIndex": 0, "symbolSize": 387, "name": "Weight,1,0", "isCutPoint": false}, {"category": 3, "id": "Wheel Base,1,0", "subgraphIndex": 0, "symbolSize": 387, "name": "Wheel Base,1,0", "isCutPoint": false}, {"category": 5, "id": "Len,1,0", "subgraphIndex": 0, "symbolSize": 387, "name": "Len,1,0", "isCutPoint": false}, {"category": 10, "id": "Width,1,0", "subgraphIndex": 0, "symbolSize": 387, "name": "Width,1,0", "isCutPoint": false}], "links": [{"id": "0", "name": "", "source": "class,1,0", "target": "isAWD,1,0", "overlap": 1.0, "value": 0.11320256013806715, "width": 4, "type": "solid", "isCutEdge": false, "color": "#b1ffb1"}, {"id": "1", "name": "", "source": "class,1,0", "target": "Retail Price,1,0", "overlap": 1.0, "value": 0.12885263471836841, "width": 4, "type": "solid", "isCutEdge": false, "color": "#aeffae"}, {"id": "2", "name": "", "source": "class,1,0", "target": "Dealer Cost,1,0", "overlap": 1.0, "value": 0.12467548843143302, "width": 4, "type": "solid", "isCutEdge": false, "color": "#afffaf"}, {"id": "3", "name": "", "source": "class,1,0", "target": "Engine Size (l),1,0", "overlap": 1.0, "value": 0.15329900384619713, "width": 4, "type": "solid", "isCutEdge": false, "color": "#a9ffa9"}, {"id": "4", "name": "", "source": "class,1,0", "target": "Cyl,1,0", "overlap": 1.0, "value": 0.0890073498188655, "width": 4, "type": "solid", "isCutEdge": false, "color": "#b6ffb6"}, {"id": "5", "name": "", "source": "class,1,0", "target": "HP,1,0", "overlap": 1.0, "value": 0.14899261883979614, "width": 4, "type": "solid", "isCutEdge": false, "color": "#aaffaa"}, {"id": "6", "name": "", "source": "class,1,0", "target": "City MPG,1,0", "overlap": 1.0, "value": -0.22182901246567557, "width": 4, "type": "solid", "isCutEdge": false, "color": "#ff9b9b"}, {"id": "7", "name": "", "source": "class,1,0", "target": "Hwy MPG,1,0", "overlap": 1.0, "value": -0.27663937144188155, "width": 4, "type": "solid", "isCutEdge": false, "color": "#ff9090"}, {"id": "8", "name": "", "source": "class,1,0", "target": "Weight,1,0", "overlap": 1.0, "value": 0.24360163947634483, "width": 4, "type": "solid", "isCutEdge": false, "color": "#97ff97"}, {"id": "9", "name": "", "source": "class,1,0", "target": "Wheel Base,1,0", "overlap": 1.0, "value": 0.08957510165655812, "width": 4, "type": "solid", "isCutEdge": false, "color": "#b6ffb6"}, {"id": "10", "name": "", "source": "class,1,0", "target": "Len,1,0", "overlap": 1.0, "value": -0.014790778061958443, "width": 4, "type": "solid", "isCutEdge": false, "color": "#ffc5c5"}, {"id": "11", "name": "", "source": "class,1,0", "target": "Width,1,0", "overlap": 1.0, "value": 0.2727826698985508, "width": 4, "type": "solid", "isCutEdge": false, "color": "#91ff91"}, {"id": "12", "name": "", "source": "isAWD,1,0", "target": "Retail Price,1,0", "overlap": 1.0, "value": 0.10750506569926177, "width": 4, "type": "solid", "isCutEdge": false, "color": "#b2ffb2"}, {"id": "13", "name": "", "source": "isAWD,1,0", "target": "Dealer Cost,1,0", "overlap": 1.0, "value": 0.1034842805814741, "width": 4, "type": "solid", "isCutEdge": false, "color": "#b3ffb3"}, {"id": "14", "name": "", "source": "isAWD,1,0", "target": "Engine Size (l),1,0", "overlap": 1.0, "value": 0.16000551854063574, "width": 4, "type": "solid", "isCutEdge": false, "color": "#a7ffa7"}, {"id": "15", "name": "", "source": "isAWD,1,0", "target": "Cyl,1,0", "overlap": 1.0, "value": 0.11662349025796638, "width": 4, "type": "solid", "isCutEdge": false, "color": "#b0ffb0"}, {"id": "16", "name": "", "source": "isAWD,1,0", "target": "HP,1,0", "overlap": 1.0, "value": 0.130835664146424, "width": 4, "type": "solid", "isCutEdge": false, "color": "#adffad"}, {"id": "17", "name": "", "source": "isAWD,1,0", "target": "City MPG,1,0", "overlap": 1.0, "value": -0.28481964174037544, "width": 4, "type": "solid", "isCutEdge": false, "color": "#ff8f8f"}, {"id": "18", "name": "", "source": "isAWD,1,0", "target": "Hwy MPG,1,0", "overlap": 1.0, "value": -0.37942297933862407, "width": 4, "type": "solid", "isCutEdge": false, "color": "#ff7c7c"}, {"id": "19", "name": "", "source": "isAWD,1,0", "target": "Weight,1,0", "overlap": 1.0, "value": 0.38289569285136604, "width": 4, "type": "solid", "isCutEdge": false, "color": "#7bff7b"}, {"id": "20", "name": "", "source": "isAWD,1,0", "target": "Wheel Base,1,0", "overlap": 1.0, "value": 0.062318753217439356, "width": 4, "type": "solid", "isCutEdge": false, "color": "#bbffbb"}, {"id": "21", "name": "", "source": "isAWD,1,0", "target": "Len,1,0", "overlap": 1.0, "value": -0.01606647980621698, "width": 4, "type": "solid", "isCutEdge": false, "color": "#ffc4c4"}, {"id": "22", "name": "", "source": "isAWD,1,0", "target": "Width,1,0", "overlap": 1.0, "value": 0.15784389376475155, "width": 4, "type": "solid", "isCutEdge": false, "color": "#a8ffa8"}, {"id": "23", "name": "", "source": "Retail Price,1,0", "target": "Dealer Cost,1,0", "overlap": 1.0, "value": 0.9991269661510696, "width": 4, "type": "solid", "isCutEdge": false, "color": "#00ff00"}, {"id": "24", "name": "", "source": "Retail Price,1,0", "target": "Engine Size (l),1,0", "overlap": 1.0, "value": 0.5994160269337819, "width": 4, "type": "solid", "isCutEdge": false, "color": "#50ff50"}, {"id": "25", "name": "", "source": "Retail Price,1,0", "target": "Cyl,1,0", "overlap": 1.0, "value": 0.6543539597164155, "width": 4, "type": "solid", "isCutEdge": false, "color": "#45ff45"}, {"id": "26", "name": "", "source": "Retail Price,1,0", "target": "HP,1,0", "overlap": 1.0, "value": 0.8350735382028525, "width": 4, "type": "solid", "isCutEdge": false, "color": "#20ff20"}, {"id": "27", "name": "", "source": "Retail Price,1,0", "target": "City MPG,1,0", "overlap": 1.0, "value": -0.48521320686673014, "width": 4, "type": "solid", "isCutEdge": false, "color": "#ff6666"}, {"id": "28", "name": "", "source": "Retail Price,1,0", "target": "Hwy MPG,1,0", "overlap": 1.0, "value": -0.4692910058335804, "width": 4, "type": "solid", "isCutEdge": false, "color": "#ff6a6a"}, {"id": "29", "name": "", "source": "Retail Price,1,0", "target": "Weight,1,0", "overlap": 1.0, "value": 0.47599388950551863, "width": 4, "type": "solid", "isCutEdge": false, "color": "#68ff68"}, {"id": "30", "name": "", "source": "Retail Price,1,0", "target": "Wheel Base,1,0", "overlap": 1.0, "value": 0.20335410227893413, "width": 4, "type": "solid", "isCutEdge": false, "color": "#9fff9f"}, {"id": "31", "name": "", "source": "Retail Price,1,0", "target": "Len,1,0", "overlap": 1.0, "value": 0.2095530451848121, "width": 4, "type": "solid", "isCutEdge": false, "color": "#9eff9e"}, {"id": "32", "name": "", "source": "Retail Price,1,0", "target": "Width,1,0", "overlap": 1.0, "value": 0.3130027092808302, "width": 4, "type": "solid", "isCutEdge": false, "color": "#89ff89"}, {"id": "33", "name": "", "source": "Dealer Cost,1,0", "target": "Engine Size (l),1,0", "overlap": 1.0, "value": 0.5936250327723432, "width": 4, "type": "solid", "isCutEdge": false, "color": "#51ff51"}, {"id": "34", "name": "", "source": "Dealer Cost,1,0", "target": "Cyl,1,0", "overlap": 1.0, "value": 0.6508783454611274, "width": 4, "type": "solid", "isCutEdge": false, "color": "#45ff45"}, {"id": "35", "name": "", "source": "Dealer Cost,1,0", "target": "HP,1,0", "overlap": 1.0, "value": 0.8326501256870905, "width": 4, "type": "solid", "isCutEdge": false, "color": "#21ff21"}, {"id": "36", "name": "", "source": "Dealer Cost,1,0", "target": "City MPG,1,0", "overlap": 1.0, "value": -0.4819795661694375, "width": 4, "type": "solid", "isCutEdge": false, "color": "#ff6767"}, {"id": "37", "name": "", "source": "Dealer Cost,1,0", "target": "Hwy MPG,1,0", "overlap": 1.0, "value": -0.4658792984927621, "width": 4, "type": "solid", "isCutEdge": false, "color": "#ff6a6a"}, {"id": "38", "name": "", "source": "Dealer Cost,1,0", "target": "Weight,1,0", "overlap": 1.0, "value": 0.4719625512565793, "width": 4, "type": "solid", "isCutEdge": false, "color": "#69ff69"}, {"id": "39", "name": "", "source": "Dealer Cost,1,0", "target": "Wheel Base,1,0", "overlap": 1.0, "value": 0.20336073008260022, "width": 4, "type": "solid", "isCutEdge": false, "color": "#9fff9f"}, {"id": "40", "name": "", "source": "Dealer Cost,1,0", "target": "Len,1,0", "overlap": 1.0, "value": 0.20687805628817885, "width": 4, "type": "solid", "isCutEdge": false, "color": "#9eff9e"}, {"id": "41", "name": "", "source": "Dealer Cost,1,0", "target": "Width,1,0", "overlap": 1.0, "value": 0.3057855721153202, "width": 4, "type": "solid", "isCutEdge": false, "color": "#8aff8a"}, {"id": "42", "name": "", "source": "Engine Size (l),1,0", "target": "Cyl,1,0", "overlap": 1.0, "value": 0.9114409226178255, "width": 4, "type": "solid", "isCutEdge": false, "color": "#11ff11"}, {"id": "43", "name": "", "source": "Engine Size (l),1,0", "target": "HP,1,0", "overlap": 1.0, "value": 0.778616673043283, "width": 4, "type": "solid", "isCutEdge": false, "color": "#2cff2c"}, {"id": "44", "name": "", "source": "Engine Size (l),1,0", "target": "City MPG,1,0", "overlap": 1.0, "value": -0.7053771803625374, "width": 4, "type": "solid", "isCutEdge": false, "color": "#ff3a3a"}, {"id": "45", "name": "", "source": "Engine Size (l),1,0", "target": "Hwy MPG,1,0", "overlap": 1.0, "value": -0.7074080668259993, "width": 4, "type": "solid", "isCutEdge": false, "color": "#ff3a3a"}, {"id": "46", "name": "", "source": "Engine Size (l),1,0", "target": "Weight,1,0", "overlap": 1.0, "value": 0.8116404585115714, "width": 4, "type": "solid", "isCutEdge": false, "color": "#25ff25"}, {"id": "47", "name": "", "source": "Engine Size (l),1,0", "target": "Wheel Base,1,0", "overlap": 1.0, "value": 0.6314698488974834, "width": 4, "type": "solid", "isCutEdge": false, "color": "#49ff49"}, {"id": "48", "name": "", "source": "Engine Size (l),1,0", "target": "Len,1,0", "overlap": 1.0, "value": 0.6245811015005613, "width": 4, "type": "solid", "isCutEdge": false, "color": "#4bff4b"}, {"id": "49", "name": "", "source": "Engine Size (l),1,0", "target": "Width,1,0", "overlap": 1.0, "value": 0.7260991460815682, "width": 4, "type": "solid", "isCutEdge": false, "color": "#36ff36"}, {"id": "50", "name": "", "source": "Cyl,1,0", "target": "HP,1,0", "overlap": 1.0, "value": 0.791143620825689, "width": 4, "type": "solid", "isCutEdge": false, "color": "#29ff29"}, {"id": "51", "name": "", "source": "Cyl,1,0", "target": "City MPG,1,0", "overlap": 1.0, "value": -0.670513676256003, "width": 4, "type": "solid", "isCutEdge": false, "color": "#ff4141"}, {"id": "52", "name": "", "source": "Cyl,1,0", "target": "Hwy MPG,1,0", "overlap": 1.0, "value": -0.664188580805347, "width": 4, "type": "solid", "isCutEdge": false, "color": "#ff4343"}, {"id": "53", "name": "", "source": "Cyl,1,0", "target": "Weight,1,0", "overlap": 1.0, "value": 0.7311810194470947, "width": 4, "type": "solid", "isCutEdge": false, "color": "#35ff35"}, {"id": "54", "name": "", "source": "Cyl,1,0", "target": "Wheel Base,1,0", "overlap": 1.0, "value": 0.5526925143550889, "width": 4, "type": "solid", "isCutEdge": false, "color": "#59ff59"}, {"id": "55", "name": "", "source": "Cyl,1,0", "target": "Len,1,0", "overlap": 1.0, "value": 0.546363410915411, "width": 4, "type": "solid", "isCutEdge": false, "color": "#5aff5a"}, {"id": "56", "name": "", "source": "Cyl,1,0", "target": "Width,1,0", "overlap": 1.0, "value": 0.6188342948333253, "width": 4, "type": "solid", "isCutEdge": false, "color": "#4cff4c"}, {"id": "57", "name": "", "source": "HP,1,0", "target": "City MPG,1,0", "overlap": 1.0, "value": -0.6718005542158187, "width": 4, "type": "solid", "isCutEdge": false, "color": "#ff4141"}, {"id": "58", "name": "", "source": "HP,1,0", "target": "Hwy MPG,1,0", "overlap": 1.0, "value": -0.6504679669676927, "width": 4, "type": "solid", "isCutEdge": false, "color": "#ff4545"}, {"id": "59", "name": "", "source": "HP,1,0", "target": "Weight,1,0", "overlap": 1.0, "value": 0.6310580962198201, "width": 4, "type": "solid", "isCutEdge": false, "color": "#49ff49"}, {"id": "60", "name": "", "source": "HP,1,0", "target": "Wheel Base,1,0", "overlap": 1.0, "value": 0.3966259627706363, "width": 4, "type": "solid", "isCutEdge": false, "color": "#78ff78"}, {"id": "61", "name": "", "source": "HP,1,0", "target": "Len,1,0", "overlap": 1.0, "value": 0.38142565357620767, "width": 4, "type": "solid", "isCutEdge": false, "color": "#7bff7b"}, {"id": "62", "name": "", "source": "HP,1,0", "target": "Width,1,0", "overlap": 1.0, "value": 0.49944685789875254, "width": 4, "type": "solid", "isCutEdge": false, "color": "#64ff64"}, {"id": "63", "name": "", "source": "City MPG,1,0", "target": "Hwy MPG,1,0", "overlap": 1.0, "value": 0.941118671381369, "width": 4, "type": "solid", "isCutEdge": false, "color": "#0bff0b"}, {"id": "64", "name": "", "source": "City MPG,1,0", "target": "Weight,1,0", "overlap": 1.0, "value": -0.7361656255687486, "width": 4, "type": "solid", "isCutEdge": false, "color": "#ff3434"}, {"id": "65", "name": "", "source": "City MPG,1,0", "target": "Wheel Base,1,0", "overlap": 1.0, "value": -0.48112635421246347, "width": 4, "type": "solid", "isCutEdge": false, "color": "#ff6767"}, {"id": "66", "name": "", "source": "City MPG,1,0", "target": "Len,1,0", "overlap": 1.0, "value": -0.4675862064994623, "width": 4, "type": "solid", "isCutEdge": false, "color": "#ff6a6a"}, {"id": "67", "name": "", "source": "City MPG,1,0", "target": "Width,1,0", "overlap": 1.0, "value": -0.5868872673951395, "width": 4, "type": "solid", "isCutEdge": false, "color": "#ff5252"}, {"id": "68", "name": "", "source": "Hwy MPG,1,0", "target": "Weight,1,0", "overlap": 1.0, "value": -0.7886068559877439, "width": 4, "type": "solid", "isCutEdge": false, "color": "#ff2a2a"}, {"id": "69", "name": "", "source": "Hwy MPG,1,0", "target": "Wheel Base,1,0", "overlap": 1.0, "value": -0.4546093166068815, "width": 4, "type": "solid", "isCutEdge": false, "color": "#ff6d6d"}, {"id": "70", "name": "", "source": "Hwy MPG,1,0", "target": "Len,1,0", "overlap": 1.0, "value": -0.38910913877797226, "width": 4, "type": "solid", "isCutEdge": false, "color": "#ff7a7a"}, {"id": "71", "name": "", "source": "Hwy MPG,1,0", "target": "Width,1,0", "overlap": 1.0, "value": -0.582740586808537, "width": 4, "type": "solid", "isCutEdge": false, "color": "#ff5353"}, {"id": "72", "name": "", "source": "Weight,1,0", "target": "Wheel Base,1,0", "overlap": 1.0, "value": 0.7509153395173358, "width": 4, "type": "solid", "isCutEdge": false, "color": "#31ff31"}, {"id": "73", "name": "", "source": "Weight,1,0", "target": "Len,1,0", "overlap": 1.0, "value": 0.6528932507377263, "width": 4, "type": "solid", "isCutEdge": false, "color": "#45ff45"}, {"id": "74", "name": "", "source": "Weight,1,0", "target": "Width,1,0", "overlap": 1.0, "value": 0.8066274815134711, "width": 4, "type": "solid", "isCutEdge": false, "color": "#26ff26"}, {"id": "75", "name": "", "source": "Wheel Base,1,0", "target": "Len,1,0", "overlap": 1.0, "value": 0.8665288700018735, "width": 4, "type": "solid", "isCutEdge": false, "color": "#1aff1a"}, {"id": "76", "name": "", "source": "Wheel Base,1,0", "target": "Width,1,0", "overlap": 1.0, "value": 0.7568386400574041, "width": 4, "type": "solid", "isCutEdge": false, "color": "#30ff30"}, {"id": "77", "name": "", "source": "Len,1,0", "target": "Width,1,0", "overlap": 1.0, "value": 0.7513573802377306, "width": 4, "type": "solid", "isCutEdge": false, "color": "#31ff31"}], "categoryNum": 13, "category": ["isAWD", "Cyl", "HP", "Wheel Base", "class", "Len", "Weight", "Dealer Cost", "City MPG", "Hwy MPG", "Width", "Engine Size (l)", "Retail Price"], "overlap": [[0, 1.0, 1.0, 1.0, 1.0, 1.0, 1.0, 1.0, 1.0, 1.0, 1.0, 1.0, 1.0], [1.0, 0, 1.0, 1.0, 1.0, 1.0, 1.0, 1.0, 1.0, 1.0, 1.0, 1.0, 1.0], [1.0, 1.0, 0, 1.0, 1.0, 1.0, 1.0, 1.0, 1.0, 1.0, 1.0, 1.0, 1.0], [1.0, 1.0, 1.0, 0, 1.0, 1.0, 1.0, 1.0, 1.0, 1.0, 1.0, 1.0, 1.0], [1.0, 1.0, 1.0, 1.0, 0, 1.0, 1.0, 1.0, 1.0, 1.0, 1.0, 1.0, 1.0], [1.0, 1.0, 1.0, 1.0, 1.0, 0, 1.0, 1.0, 1.0, 1.0, 1.0, 1.0, 1.0], [1.0, 1.0, 1.0, 1.0, 1.0, 1.0, 0, 1.0, 1.0, 1.0, 1.0, 1.0, 1.0], [1.0, 1.0, 1.0, 1.0, 1.0, 1.0, 1.0, 0, 1.0, 1.0, 1.0, 1.0, 1.0], [1.0, 1.0, 1.0, 1.0, 1.0, 1.0, 1.0, 1.0, 0, 1.0, 1.0, 1.0, 1.0], [1.0, 1.0, 1.0, 1.0, 1.0, 1.0, 1.0, 1.0, 1.0, 0, 1.0, 1.0, 1.0], [1.0, 1.0, 1.0, 1.0, 1.0, 1.0, 1.0, 1.0, 1.0, 1.0, 0, 1.0, 1.0], [1.0, 1.0, 1.0, 1.0, 1.0, 1.0, 1.0, 1.0, 1.0, 1.0, 1.0, 0, 1.0], [1.0, 1.0, 1.0, 1.0, 1.0, 1.0, 1.0, 1.0, 1.0, 1.0, 1.0, 1.0, 0]], "relation": [[0, 0.11320256013806715, 0.12885263471836841, 0.12467548843143302, 0.15329900384619713, 0.0890073498188655, 0.14899261883979614, -0.22182901246567557, -0.27663937144188155, 0.24360163947634483, 0.08957510165655812, -0.014790778061958443, 0.2727826698985508], [0.11320256013806715, 0, 0.10750506569926177, 0.1034842805814741, 0.16000551854063574, 0.11662349025796638, 0.130835664146424, -0.28481964174037544, -0.37942297933862407, 0.38289569285136604, 0.062318753217439356, -0.01606647980621698, 0.15784389376475155], [0.12885263471836841, 0.10750506569926177, 0, 0.9991269661510696, 0.5994160269337819, 0.6543539597164155, 0.8350735382028525, -0.48521320686673014, -0.4692910058335804, 0.47599388950551863, 0.20335410227893413, 0.2095530451848121, 0.3130027092808302], [0.12467548843143302, 0.1034842805814741, 0.9991269661510696, 0, 0.5936250327723432, 0.6508783454611274, 0.8326501256870905, -0.4819795661694375, -0.4658792984927621, 0.4719625512565793, 0.20336073008260022, 0.20687805628817885, 0.3057855721153202], [0.15329900384619713, 0.16000551854063574, 0.5994160269337819, 0.5936250327723432, 0, 0.9114409226178255, 0.778616673043283, -0.7053771803625374, -0.7074080668259993, 0.8116404585115714, 0.6314698488974834, 0.6245811015005613, 0.7260991460815682], [0.0890073498188655, 0.11662349025796638, 0.6543539597164155, 0.6508783454611274, 0.9114409226178255, 0, 0.791143620825689, -0.670513676256003, -0.664188580805347, 0.7311810194470947, 0.5526925143550889, 0.546363410915411, 0.6188342948333253], [0.14899261883979614, 0.130835664146424, 0.8350735382028525, 0.8326501256870905, 0.778616673043283, 0.791143620825689, 0, -0.6718005542158187, -0.6504679669676927, 0.6310580962198201, 0.3966259627706363, 0.38142565357620767, 0.49944685789875254], [-0.22182901246567557, -0.28481964174037544, -0.48521320686673014, -0.4819795661694375, -0.7053771803625374, -0.670513676256003, -0.6718005542158187, 0, 0.941118671381369, -0.7361656255687486, -0.48112635421246347, -0.4675862064994623, -0.5868872673951395], [-0.27663937144188155, -0.37942297933862407, -0.4692910058335804, -0.4658792984927621, -0.7074080668259993, -0.664188580805347, -0.6504679669676927, 0.941118671381369, 0, -0.7886068559877439, -0.4546093166068815, -0.38910913877797226, -0.582740586808537], [0.24360163947634483, 0.38289569285136604, 0.47599388950551863, 0.4719625512565793, 0.8116404585115714, 0.7311810194470947, 0.6310580962198201, -0.7361656255687486, -0.7886068559877439, 0, 0.7509153395173358, 0.6528932507377263, 0.8066274815134711], [0.08957510165655812, 0.062318753217439356, 0.20335410227893413, 0.20336073008260022, 0.6314698488974834, 0.5526925143550889, 0.3966259627706363, -0.48112635421246347, -0.4546093166068815, 0.7509153395173358, 0, 0.8665288700018735, 0.7568386400574041], [-0.014790778061958443, -0.01606647980621698, 0.2095530451848121, 0.20687805628817885, 0.6245811015005613, 0.546363410915411, 0.38142565357620767, -0.4675862064994623, -0.38910913877797226, 0.6528932507377263, 0.8665288700018735, 0, 0.7513573802377306], [0.2727826698985508, 0.15784389376475155, 0.3130027092808302, 0.3057855721153202, 0.7260991460815682, 0.6188342948333253, 0.49944685789875254, -0.5868872673951395, -0.582740586808537, 0.8066274815134711, 0.7568386400574041, 0.7513573802377306, 0]], "head": [["class,1,0", 387], ["isAWD,1,0", 387], ["Retail Price,1,0", 387], ["Dealer Cost,1,0", 387], ["Engine Size (l),1,0", 387], ["Cyl,1,0", 387], ["HP,1,0", 387], ["City MPG,1,0", 387], ["Hwy MPG,1,0", 387], ["Weight,1,0", 387], ["Wheel Base,1,0", 387], ["Len,1,0", 387], ["Width,1,0", 387]], "dataNum": 387}