{"categoryNum": 14, "nodes": [{"subgraphIndex": 0, "id": "Alcohol,1,0", "symbolSize": 178, "name": "Alcohol,1,0", "category": 1, "isCutPoint": false}, {"subgraphIndex": 0, "id": "Malic_acid,1,0", "symbolSize": 178, "name": "Malic_acid,1,0", "category": 12, "isCutPoint": false}, {"subgraphIndex": 0, "id": "Ash,1,0", "symbolSize": 178, "name": "Ash,1,0", "category": 10, "isCutPoint": false}, {"subgraphIndex": 0, "id": "Alcalinity_of_ash,1,0", "symbolSize": 178, "name": "Alcalinity_of_ash,1,0", "category": 2, "isCutPoint": false}, {"subgraphIndex": 0, "id": "Magnesium,1,0", "symbolSize": 178, "name": "Magnesium,1,0", "category": 4, "isCutPoint": false}, {"subgraphIndex": 0, "id": "Total_phenols,1,0", "symbolSize": 178, "name": "Total_phenols,1,0", "category": 13, "isCutPoint": false}, {"subgraphIndex": 0, "id": "Flavanoids,1,0", "symbolSize": 178, "name": "Flavanoids,1,0", "category": 0, "isCutPoint": false}, {"subgraphIndex": 0, "id": "Nonflavanoid,1,0", "symbolSize": 178, "name": "Nonflavanoid,1,0", "category": 6, "isCutPoint": false}, {"subgraphIndex": 0, "id": "Nonflavnoid_phenols,1,0", "symbolSize": 178, "name": "Nonflavnoid_phenols,1,0", "category": 3, "isCutPoint": false}, {"subgraphIndex": 0, "id": "Proanthocyanins,1,0", "symbolSize": 178, "name": "Proanthocyanins,1,0", "category": 7, "isCutPoint": false}, {"subgraphIndex": 0, "id": "Color_intensity,1,0", "symbolSize": 178, "name": "Color_intensity,1,0", "category": 5, "isCutPoint": false}, {"subgraphIndex": 0, "id": "Hue,1,0", "symbolSize": 178, "name": "Hue,1,0", "category": 9, "isCutPoint": false}, {"subgraphIndex": 0, "id": "Diluted_wines,1,0", "symbolSize": 178, "name": "Diluted_wines,1,0", "category": 8, "isCutPoint": false}, {"subgraphIndex": 0, "id": "Proline,1,0", "symbolSize": 178, "name": "Proline,1,0", "category": 11, "isCutPoint": false}], "head": [["Alcohol,1,0", 178], ["Malic_acid,1,0", 178], ["Ash,1,0", 178], ["Alcalinity_of_ash,1,0", 178], ["Magnesium,1,0", 178], ["Total_phenols,1,0", 178], ["Flavanoids,1,0", 178], ["Nonflavanoid,1,0", 178], ["Nonflavnoid_phenols,1,0", 178], ["Proanthocyanins,1,0", 178], ["Color_intensity,1,0", 178], ["Hue,1,0", 178], ["Diluted_wines,1,0", 178], ["Proline,1,0", 178]], "links": [{"type": "solid", "target": "Malic_acid,1,0", "id": "0", "source": "Alcohol,1,0", "name": "", "isCutEdge": false, "width": 4, "value": -0.3282219408900196, "color": "#ff8686", "overlap": 1.0}, {"type": "solid", "target": "Ash,1,0", "id": "1", "source": "Alcohol,1,0", "name": "", "isCutEdge": false, "width": 4, "value": 0.43777620484106516, "color": "#70ff70", "overlap": 1.0}, {"type": "solid", "target": "Alcalinity_of_ash,1,0", "id": "2", "source": "Alcohol,1,0", "name": "", "isCutEdge": false, "width": 4, "value": -0.049643221024077505, "color": "#ffbebe", "overlap": 1.0}, {"type": "solid", "target": "Magnesium,1,0", "id": "3", "source": "Alcohol,1,0", "name": "", "isCutEdge": false, "width": 4, "value": 0.5178591098214524, "color": "#60ff60", "overlap": 1.0}, {"type": "solid", "target": "Total_phenols,1,0", "id": "4", "source": "Alcohol,1,0", "name": "", "isCutEdge": false, "width": 4, "value": -0.20917939029493027, "color": "#ff9e9e", "overlap": 1.0}, {"type": "solid", "target": "Flavanoids,1,0", "id": "5", "source": "Alcohol,1,0", "name": "", "isCutEdge": false, "width": 4, "value": -0.7191633405539716, "color": "#ff3838", "overlap": 1.0}, {"type": "solid", "target": "Nonflavanoid,1,0", "id": "6", "source": "Alcohol,1,0", "name": "", "isCutEdge": false, "width": 4, "value": -0.8474975401417588, "color": "#ff1e1e", "overlap": 1.0}, {"type": "solid", "target": "Nonflavnoid_phenols,1,0", "id": "7", "source": "Alcohol,1,0", "name": "", "isCutEdge": false, "width": 4, "value": 0.4891091588606911, "color": "#66ff66", "overlap": 1.0}, {"type": "solid", "target": "Proanthocyanins,1,0", "id": "8", "source": "Alcohol,1,0", "name": "", "isCutEdge": false, "width": 4, "value": -0.4991298238591705, "color": "#ff6464", "overlap": 1.0}, {"type": "solid", "target": "Color_intensity,1,0", "id": "9", "source": "Alcohol,1,0", "name": "", "isCutEdge": false, "width": 4, "value": 0.2656675691759898, "color": "#92ff92", "overlap": 1.0}, {"type": "solid", "target": "Hue,1,0", "id": "10", "source": "Alcohol,1,0", "name": "", "isCutEdge": false, "width": 4, "value": -0.6173692102858328, "color": "#ff4c4c", "overlap": 1.0}, {"type": "solid", "target": "Diluted_wines,1,0", "id": "11", "source": "Alcohol,1,0", "name": "", "isCutEdge": false, "width": 4, "value": -0.7882295886876639, "color": "#ff2a2a", "overlap": 1.0}, {"type": "solid", "target": "Proline,1,0", "id": "12", "source": "Alcohol,1,0", "name": "", "isCutEdge": false, "width": 4, "value": -0.6337167849870341, "color": "#ff4949", "overlap": 1.0}, {"type": "solid", "target": "Ash,1,0", "id": "13", "source": "Malic_acid,1,0", "name": "", "isCutEdge": false, "width": 4, "value": 0.09439694091041406, "color": "#b5ffb5", "overlap": 1.0}, {"type": "solid", "target": "Alcalinity_of_ash,1,0", "id": "14", "source": "Malic_acid,1,0", "name": "", "isCutEdge": false, "width": 4, "value": 0.21154459643174459, "color": "#9dff9d", "overlap": 1.0}, {"type": "solid", "target": "Magnesium,1,0", "id": "15", "source": "Malic_acid,1,0", "name": "", "isCutEdge": false, "width": 4, "value": -0.3102351368910851, "color": "#ff8989", "overlap": 1.0}, {"type": "solid", "target": "Total_phenols,1,0", "id": "16", "source": "Malic_acid,1,0", "name": "", "isCutEdge": false, "width": 4, "value": 0.27079822591148, "color": "#91ff91", "overlap": 1.0}, {"type": "solid", "target": "Flavanoids,1,0", "id": "17", "source": "Malic_acid,1,0", "name": "", "isCutEdge": false, "width": 4, "value": 0.2891011225874568, "color": "#8eff8e", "overlap": 1.0}, {"type": "solid", "target": "Nonflavanoid,1,0", "id": "18", "source": "Malic_acid,1,0", "name": "", "isCutEdge": false, "width": 4, "value": 0.23681492790034567, "color": "#98ff98", "overlap": 1.0}, {"type": "solid", "target": "Nonflavnoid_phenols,1,0", "id": "19", "source": "Malic_acid,1,0", "name": "", "isCutEdge": false, "width": 4, "value": -0.15592946668732918, "color": "#ffa8a8", "overlap": 1.0}, {"type": "solid", "target": "Proanthocyanins,1,0", "id": "20", "source": "Malic_acid,1,0", "name": "", "isCutEdge": false, "width": 4, "value": 0.13669791176947985, "color": "#acffac", "overlap": 1.0}, {"type": "solid", "target": "Color_intensity,1,0", "id": "21", "source": "Malic_acid,1,0", "name": "", "isCutEdge": false, "width": 4, "value": 0.5463641950837038, "color": "#5aff5a", "overlap": 1.0}, {"type": "solid", "target": "Hue,1,0", "id": "22", "source": "Malic_acid,1,0", "name": "", "isCutEdge": false, "width": 4, "value": -0.07174719733015453, "color": "#ffb9b9", "overlap": 1.0}, {"type": "solid", "target": "Diluted_wines,1,0", "id": "23", "source": "Malic_acid,1,0", "name": "", "isCutEdge": false, "width": 4, "value": 0.07234318740052245, "color": "#b9ffb9", "overlap": 1.0}, {"type": "solid", "target": "Proline,1,0", "id": "24", "source": "Malic_acid,1,0", "name": "", "isCutEdge": false, "width": 4, "value": 0.6437200371782137, "color": "#47ff47", "overlap": 1.0}, {"type": "solid", "target": "Alcalinity_of_ash,1,0", "id": "25", "source": "Ash,1,0", "name": "", "isCutEdge": false, "width": 4, "value": 0.16404546975674444, "color": "#a7ffa7", "overlap": 1.0}, {"type": "solid", "target": "Magnesium,1,0", "id": "26", "source": "Ash,1,0", "name": "", "isCutEdge": false, "width": 4, "value": 0.2885004028036242, "color": "#8eff8e", "overlap": 1.0}, {"type": "solid", "target": "Total_phenols,1,0", "id": "27", "source": "Ash,1,0", "name": "", "isCutEdge": false, "width": 4, "value": -0.054575096084001254, "color": "#ffbdbd", "overlap": 1.0}, {"type": "solid", "target": "Flavanoids,1,0", "id": "28", "source": "Ash,1,0", "name": "", "isCutEdge": false, "width": 4, "value": -0.3351669971620652, "color": "#ff8484", "overlap": 1.0}, {"type": "solid", "target": "Nonflavanoid,1,0", "id": "29", "source": "Ash,1,0", "name": "", "isCutEdge": false, "width": 4, "value": -0.4110065876142631, "color": "#ff7575", "overlap": 1.0}, {"type": "solid", "target": "Nonflavnoid_phenols,1,0", "id": "30", "source": "Ash,1,0", "name": "", "isCutEdge": false, "width": 4, "value": 0.29297713348064797, "color": "#8dff8d", "overlap": 1.0}, {"type": "solid", "target": "Proanthocyanins,1,0", "id": "31", "source": "Ash,1,0", "name": "", "isCutEdge": false, "width": 4, "value": -0.220746186792846, "color": "#ff9b9b", "overlap": 1.0}, {"type": "solid", "target": "Color_intensity,1,0", "id": "32", "source": "Ash,1,0", "name": "", "isCutEdge": false, "width": 4, "value": 0.24898534409523976, "color": "#96ff96", "overlap": 1.0}, {"type": "solid", "target": "Hue,1,0", "id": "33", "source": "Ash,1,0", "name": "", "isCutEdge": false, "width": 4, "value": -0.5612956886649448, "color": "#ff5757", "overlap": 1.0}, {"type": "solid", "target": "Diluted_wines,1,0", "id": "34", "source": "Ash,1,0", "name": "", "isCutEdge": false, "width": 4, "value": -0.36871042829326406, "color": "#ff7e7e", "overlap": 1.0}, {"type": "solid", "target": "Proline,1,0", "id": "35", "source": "Ash,1,0", "name": "", "isCutEdge": false, "width": 4, "value": -0.19201056463400953, "color": "#ffa1a1", "overlap": 1.0}, {"type": "solid", "target": "Magnesium,1,0", "id": "36", "source": "Alcalinity_of_ash,1,0", "name": "", "isCutEdge": false, "width": 4, "value": 0.4433671865523109, "color": "#6fff6f", "overlap": 1.0}, {"type": "solid", "target": "Total_phenols,1,0", "id": "37", "source": "Alcalinity_of_ash,1,0", "name": "", "isCutEdge": false, "width": 4, "value": 0.28658669125817443, "color": "#8eff8e", "overlap": 1.0}, {"type": "solid", "target": "Flavanoids,1,0", "id": "38", "source": "Alcalinity_of_ash,1,0", "name": "", "isCutEdge": false, "width": 4, "value": 0.12897953765407, "color": "#aeffae", "overlap": 1.0}, {"type": "solid", "target": "Nonflavanoid,1,0", "id": "39", "source": "Alcalinity_of_ash,1,0", "name": "", "isCutEdge": false, "width": 4, "value": 0.11507727901397244, "color": "#b0ffb0", "overlap": 1.0}, {"type": "solid", "target": "Nonflavnoid_phenols,1,0", "id": "40", "source": "Alcalinity_of_ash,1,0", "name": "", "isCutEdge": false, "width": 4, "value": 0.18623044631692112, "color": "#a2ffa2", "overlap": 1.0}, {"type": "solid", "target": "Color_intensity,1,0", "id": "41", "source": "Alcalinity_of_ash,1,0", "name": "", "isCutEdge": false, "width": 4, "value": 0.2588872592996536, "color": "#94ff94", "overlap": 1.0}, {"type": "solid", "target": "Hue,1,0", "id": "42", "source": "Alcalinity_of_ash,1,0", "name": "", "isCutEdge": false, "width": 4, "value": -0.07466688903277305, "color": "#ffb9b9", "overlap": 1.0}, {"type": "solid", "target": "Proline,1,0", "id": "43", "source": "Alcalinity_of_ash,1,0", "name": "", "isCutEdge": false, "width": 4, "value": 0.2236262636875721, "color": "#9bff9b", "overlap": 1.0}, {"type": "solid", "target": "Total_phenols,1,0", "id": "44", "source": "Magnesium,1,0", "name": "", "isCutEdge": false, "width": 4, "value": -0.08333308856795282, "color": "#ffb7b7", "overlap": 1.0}, {"type": "solid", "target": "Flavanoids,1,0", "id": "45", "source": "Magnesium,1,0", "name": "", "isCutEdge": false, "width": 4, "value": -0.3211133173240711, "color": "#ff8787", "overlap": 1.0}, {"type": "solid", "target": "Nonflavanoid,1,0", "id": "46", "source": "Magnesium,1,0", "name": "", "isCutEdge": false, "width": 4, "value": -0.3513698601383948, "color": "#ff8181", "overlap": 1.0}, {"type": "solid", "target": "Nonflavnoid_phenols,1,0", "id": "47", "source": "Magnesium,1,0", "name": "", "isCutEdge": false, "width": 4, "value": 0.36192171855760447, "color": "#7fff7f", "overlap": 1.0}, {"type": "solid", "target": "Proanthocyanins,1,0", "id": "48", "source": "Magnesium,1,0", "name": "", "isCutEdge": false, "width": 4, "value": -0.19732683571595477, "color": "#ffa0a0", "overlap": 1.0}, {"type": "solid", "target": "Color_intensity,1,0", "id": "49", "source": "Magnesium,1,0", "name": "", "isCutEdge": false, "width": 4, "value": 0.018731980931230567, "color": "#c4ffc4", "overlap": 1.0}, {"type": "solid", "target": "Hue,1,0", "id": "50", "source": "Magnesium,1,0", "name": "", "isCutEdge": false, "width": 4, "value": -0.27395522270040734, "color": "#ff9191", "overlap": 1.0}, {"type": "solid", "target": "Diluted_wines,1,0", "id": "51", "source": "Magnesium,1,0", "name": "", "isCutEdge": false, "width": 4, "value": -0.27676854889143565, "color": "#ff9090", "overlap": 1.0}, {"type": "solid", "target": "Proline,1,0", "id": "52", "source": "Magnesium,1,0", "name": "", "isCutEdge": false, "width": 4, "value": -0.44059693128216176, "color": "#ff6f6f", "overlap": 1.0}, {"type": "solid", "target": "Flavanoids,1,0", "id": "53", "source": "Total_phenols,1,0", "name": "", "isCutEdge": false, "width": 4, "value": 0.21440123465343247, "color": "#9dff9d", "overlap": 1.0}, {"type": "solid", "target": "Nonflavanoid,1,0", "id": "54", "source": "Total_phenols,1,0", "name": "", "isCutEdge": false, "width": 4, "value": 0.19578376985743304, "color": "#a0ffa0", "overlap": 1.0}, {"type": "solid", "target": "Nonflavnoid_phenols,1,0", "id": "55", "source": "Total_phenols,1,0", "name": "", "isCutEdge": false, "width": 4, "value": -0.25629404891382995, "color": "#ff9494", "overlap": 1.0}, {"type": "solid", "target": "Proanthocyanins,1,0", "id": "56", "source": "Total_phenols,1,0", "name": "", "isCutEdge": false, "width": 4, "value": 0.23644060977750753, "color": "#98ff98", "overlap": 1.0}, {"type": "solid", "target": "Color_intensity,1,0", "id": "57", "source": "Total_phenols,1,0", "name": "", "isCutEdge": false, "width": 4, "value": 0.19995000627543225, "color": "#a0ffa0", "overlap": 1.0}, {"type": "solid", "target": "Hue,1,0", "id": "58", "source": "Total_phenols,1,0", "name": "", "isCutEdge": false, "width": 4, "value": 0.05539819560300735, "color": "#bcffbc", "overlap": 1.0}, {"type": "solid", "target": "Diluted_wines,1,0", "id": "59", "source": "Total_phenols,1,0", "name": "", "isCutEdge": false, "width": 4, "value": 0.06600393603204732, "color": "#baffba", "overlap": 1.0}, {"type": "solid", "target": "Proline,1,0", "id": "60", "source": "Total_phenols,1,0", "name": "", "isCutEdge": false, "width": 4, "value": 0.39335084938308695, "color": "#79ff79", "overlap": 1.0}, {"type": "solid", "target": "Nonflavanoid,1,0", "id": "61", "source": "Flavanoids,1,0", "name": "", "isCutEdge": false, "width": 4, "value": 0.8645635000951147, "color": "#1bff1b", "overlap": 1.0}, {"type": "solid", "target": "Nonflavnoid_phenols,1,0", "id": "62", "source": "Flavanoids,1,0", "name": "", "isCutEdge": false, "width": 4, "value": -0.4499353009352197, "color": "#ff6e6e", "overlap": 1.0}, {"type": "solid", "target": "Proanthocyanins,1,0", "id": "63", "source": "Flavanoids,1,0", "name": "", "isCutEdge": false, "width": 4, "value": 0.6124130837800361, "color": "#4dff4d", "overlap": 1.0}, {"type": "solid", "target": "Color_intensity,1,0", "id": "64", "source": "Flavanoids,1,0", "name": "", "isCutEdge": false, "width": 4, "value": -0.05513641774236601, "color": "#ffbcbc", "overlap": 1.0}, {"type": "solid", "target": "Hue,1,0", "id": "65", "source": "Flavanoids,1,0", "name": "", "isCutEdge": false, "width": 4, "value": 0.43368133521377566, "color": "#71ff71", "overlap": 1.0}, {"type": "solid", "target": "Diluted_wines,1,0", "id": "66", "source": "Flavanoids,1,0", "name": "", "isCutEdge": false, "width": 4, "value": 0.6999493647911863, "color": "#3cff3c", "overlap": 1.0}, {"type": "solid", "target": "Proline,1,0", "id": "67", "source": "Flavanoids,1,0", "name": "", "isCutEdge": false, "width": 4, "value": 0.4981148796420984, "color": "#64ff64", "overlap": 1.0}, {"type": "solid", "target": "Nonflavnoid_phenols,1,0", "id": "68", "source": "Nonflavanoid,1,0", "name": "", "isCutEdge": false, "width": 4, "value": -0.5378996119051982, "color": "#ff5c5c", "overlap": 1.0}, {"type": "solid", "target": "Proanthocyanins,1,0", "id": "69", "source": "Nonflavanoid,1,0", "name": "", "isCutEdge": false, "width": 4, "value": 0.6526917686075152, "color": "#45ff45", "overlap": 1.0}, {"type": "solid", "target": "Color_intensity,1,0", "id": "70", "source": "Nonflavanoid,1,0", "name": "", "isCutEdge": false, "width": 4, "value": -0.1723793982891793, "color": "#ffa5a5", "overlap": 1.0}, {"type": "solid", "target": "Hue,1,0", "id": "71", "source": "Nonflavanoid,1,0", "name": "", "isCutEdge": false, "width": 4, "value": 0.5434785664899896, "color": "#5bff5b", "overlap": 1.0}, {"type": "solid", "target": "Diluted_wines,1,0", "id": "72", "source": "Nonflavanoid,1,0", "name": "", "isCutEdge": false, "width": 4, "value": 0.7871939018669515, "color": "#2aff2a", "overlap": 1.0}, {"type": "solid", "target": "Proline,1,0", "id": "73", "source": "Nonflavanoid,1,0", "name": "", "isCutEdge": false, "width": 4, "value": 0.4941931272043738, "color": "#65ff65", "overlap": 1.0}, {"type": "solid", "target": "Proanthocyanins,1,0", "id": "74", "source": "Nonflavnoid_phenols,1,0", "name": "", "isCutEdge": false, "width": 4, "value": -0.36584509900799156, "color": "#ff7e7e", "overlap": 1.0}, {"type": "solid", "target": "Color_intensity,1,0", "id": "75", "source": "Nonflavnoid_phenols,1,0", "name": "", "isCutEdge": false, "width": 4, "value": 0.13905701286052888, "color": "#acffac", "overlap": 1.0}, {"type": "solid", "target": "Hue,1,0", "id": "76", "source": "Nonflavnoid_phenols,1,0", "name": "", "isCutEdge": false, "width": 4, "value": -0.2626396311498335, "color": "#ff9393", "overlap": 1.0}, {"type": "solid", "target": "Diluted_wines,1,0", "id": "77", "source": "Nonflavnoid_phenols,1,0", "name": "", "isCutEdge": false, "width": 4, "value": -0.5032695960789113, "color": "#ff6363", "overlap": 1.0}, {"type": "solid", "target": "Proline,1,0", "id": "78", "source": "Nonflavnoid_phenols,1,0", "name": "", "isCutEdge": false, "width": 4, "value": -0.31138518831792106, "color": "#ff8989", "overlap": 1.0}, {"type": "solid", "target": "Color_intensity,1,0", "id": "79", "source": "Proanthocyanins,1,0", "name": "", "isCutEdge": false, "width": 4, "value": -0.025249930815701548, "color": "#ffc2c2", "overlap": 1.0}, {"type": "solid", "target": "Hue,1,0", "id": "80", "source": "Proanthocyanins,1,0", "name": "", "isCutEdge": false, "width": 4, "value": 0.29554425278359886, "color": "#8cff8c", "overlap": 1.0}, {"type": "solid", "target": "Diluted_wines,1,0", "id": "81", "source": "Proanthocyanins,1,0", "name": "", "isCutEdge": false, "width": 4, "value": 0.5190670956825233, "color": "#60ff60", "overlap": 1.0}, {"type": "solid", "target": "Proline,1,0", "id": "82", "source": "Proanthocyanins,1,0", "name": "", "isCutEdge": false, "width": 4, "value": 0.3304167004025369, "color": "#85ff85", "overlap": 1.0}, {"type": "solid", "target": "Hue,1,0", "id": "83", "source": "Color_intensity,1,0", "name": "", "isCutEdge": false, "width": 4, "value": -0.5218131932287576, "color": "#ff5f5f", "overlap": 1.0}, {"type": "solid", "target": "Diluted_wines,1,0", "id": "84", "source": "Color_intensity,1,0", "name": "", "isCutEdge": false, "width": 4, "value": -0.4288149418276316, "color": "#ff7272", "overlap": 1.0}, {"type": "solid", "target": "Proline,1,0", "id": "85", "source": "Color_intensity,1,0", "name": "", "isCutEdge": false, "width": 4, "value": 0.31610011265608984, "color": "#88ff88", "overlap": 1.0}, {"type": "solid", "target": "Diluted_wines,1,0", "id": "86", "source": "Hue,1,0", "name": "", "isCutEdge": false, "width": 4, "value": 0.5654682931826593, "color": "#56ff56", "overlap": 1.0}, {"type": "solid", "target": "Proline,1,0", "id": "87", "source": "Hue,1,0", "name": "", "isCutEdge": false, "width": 4, "value": 0.23618344665043703, "color": "#98ff98", "overlap": 1.0}, {"type": "solid", "target": "Proline,1,0", "id": "88", "source": "Diluted_wines,1,0", "name": "", "isCutEdge": false, "width": 4, "value": 0.3127610754527237, "color": "#89ff89", "overlap": 1.0}], "category": ["Flavanoids", "Alcohol", "Alcalinity_of_ash", "Nonflavnoid_phenols", "Magnesium", "Color_intensity", "Nonflavanoid", "Proanthocyanins", "Diluted_wines", "Hue", "Ash", "Proline", "Malic_acid", "Total_phenols"], "relation": [[0, -0.3282219408900196, 0.43777620484106516, -0.049643221024077505, 0.5178591098214524, -0.20917939029493027, -0.7191633405539716, -0.8474975401417588, 0.4891091588606911, -0.4991298238591705, 0.2656675691759898, -0.6173692102858328, -0.7882295886876639, -0.6337167849870341], [-0.3282219408900196, 0, 0.09439694091041406, 0.21154459643174459, -0.3102351368910851, 0.27079822591148, 0.2891011225874568, 0.23681492790034567, -0.15592946668732918, 0.13669791176947985, 0.5463641950837038, -0.07174719733015453, 0.07234318740052245, 0.6437200371782137], [0.43777620484106516, 0.09439694091041406, 0, 0.16404546975674444, 0.2885004028036242, -0.054575096084001254, -0.3351669971620652, -0.4110065876142631, 0.29297713348064797, -0.220746186792846, 0.24898534409523976, -0.5612956886649448, -0.36871042829326406, -0.19201056463400953], [-0.049643221024077505, 0.21154459643174459, 0.16404546975674444, 0, 0.4433671865523109, 0.28658669125817443, 0.12897953765407, 0.11507727901397244, 0.18623044631692112, 0, 0.2588872592996536, -0.07466688903277305, 0, 0.2236262636875721], [0.5178591098214524, -0.3102351368910851, 0.2885004028036242, 0.4433671865523109, 0, -0.08333308856795282, -0.3211133173240711, -0.3513698601383948, 0.36192171855760447, -0.19732683571595477, 0.018731980931230567, -0.27395522270040734, -0.27676854889143565, -0.44059693128216176], [-0.20917939029493027, 0.27079822591148, -0.054575096084001254, 0.28658669125817443, -0.08333308856795282, 0, 0.21440123465343247, 0.19578376985743304, -0.25629404891382995, 0.23644060977750753, 0.19995000627543225, 0.05539819560300735, 0.06600393603204732, 0.39335084938308695], [-0.7191633405539716, 0.2891011225874568, -0.3351669971620652, 0.12897953765407, -0.3211133173240711, 0.21440123465343247, 0, 0.8645635000951147, -0.4499353009352197, 0.6124130837800361, -0.05513641774236601, 0.43368133521377566, 0.6999493647911863, 0.4981148796420984], [-0.8474975401417588, 0.23681492790034567, -0.4110065876142631, 0.11507727901397244, -0.3513698601383948, 0.19578376985743304, 0.8645635000951147, 0, -0.5378996119051982, 0.6526917686075152, -0.1723793982891793, 0.5434785664899896, 0.7871939018669515, 0.4941931272043738], [0.4891091588606911, -0.15592946668732918, 0.29297713348064797, 0.18623044631692112, 0.36192171855760447, -0.25629404891382995, -0.4499353009352197, -0.5378996119051982, 0, -0.36584509900799156, 0.13905701286052888, -0.2626396311498335, -0.5032695960789113, -0.31138518831792106], [-0.4991298238591705, 0.13669791176947985, -0.220746186792846, 0, -0.19732683571595477, 0.23644060977750753, 0.6124130837800361, 0.6526917686075152, -0.36584509900799156, 0, -0.025249930815701548, 0.29554425278359886, 0.5190670956825233, 0.3304167004025369], [0.2656675691759898, 0.5463641950837038, 0.24898534409523976, 0.2588872592996536, 0.018731980931230567, 0.19995000627543225, -0.05513641774236601, -0.1723793982891793, 0.13905701286052888, -0.025249930815701548, 0, -0.5218131932287576, -0.4288149418276316, 0.31610011265608984], [-0.6173692102858328, -0.07174719733015453, -0.5612956886649448, -0.07466688903277305, -0.27395522270040734, 0.05539819560300735, 0.43368133521377566, 0.5434785664899896, -0.2626396311498335, 0.29554425278359886, -0.5218131932287576, 0, 0.5654682931826593, 0.23618344665043703], [-0.7882295886876639, 0.07234318740052245, -0.36871042829326406, 0, -0.27676854889143565, 0.06600393603204732, 0.6999493647911863, 0.7871939018669515, -0.5032695960789113, 0.5190670956825233, -0.4288149418276316, 0.5654682931826593, 0, 0.3127610754527237], [-0.6337167849870341, 0.6437200371782137, -0.19201056463400953, 0.2236262636875721, -0.44059693128216176, 0.39335084938308695, 0.4981148796420984, 0.4941931272043738, -0.31138518831792106, 0.3304167004025369, 0.31610011265608984, 0.23618344665043703, 0.3127610754527237, 0]], "dataNum": 178, "overlap": [[0, 1.0, 1.0, 1.0, 1.0, 1.0, 1.0, 1.0, 1.0, 1.0, 1.0, 1.0, 1.0, 1.0], [1.0, 0, 1.0, 1.0, 1.0, 1.0, 1.0, 1.0, 1.0, 1.0, 1.0, 1.0, 1.0, 1.0], [1.0, 1.0, 0, 1.0, 1.0, 1.0, 1.0, 1.0, 1.0, 1.0, 1.0, 1.0, 1.0, 1.0], [1.0, 1.0, 1.0, 0, 1.0, 1.0, 1.0, 1.0, 1.0, 1.0, 1.0, 1.0, 1.0, 1.0], [1.0, 1.0, 1.0, 1.0, 0, 1.0, 1.0, 1.0, 1.0, 1.0, 1.0, 1.0, 1.0, 1.0], [1.0, 1.0, 1.0, 1.0, 1.0, 0, 1.0, 1.0, 1.0, 1.0, 1.0, 1.0, 1.0, 1.0], [1.0, 1.0, 1.0, 1.0, 1.0, 1.0, 0, 1.0, 1.0, 1.0, 1.0, 1.0, 1.0, 1.0], [1.0, 1.0, 1.0, 1.0, 1.0, 1.0, 1.0, 0, 1.0, 1.0, 1.0, 1.0, 1.0, 1.0], [1.0, 1.0, 1.0, 1.0, 1.0, 1.0, 1.0, 1.0, 0, 1.0, 1.0, 1.0, 1.0, 1.0], [1.0, 1.0, 1.0, 1.0, 1.0, 1.0, 1.0, 1.0, 1.0, 0, 1.0, 1.0, 1.0, 1.0], [1.0, 1.0, 1.0, 1.0, 1.0, 1.0, 1.0, 1.0, 1.0, 1.0, 0, 1.0, 1.0, 1.0], [1.0, 1.0, 1.0, 1.0, 1.0, 1.0, 1.0, 1.0, 1.0, 1.0, 1.0, 0, 1.0, 1.0], [1.0, 1.0, 1.0, 1.0, 1.0, 1.0, 1.0, 1.0, 1.0, 1.0, 1.0, 1.0, 0, 1.0], [1.0, 1.0, 1.0, 1.0, 1.0, 1.0, 1.0, 1.0, 1.0, 1.0, 1.0, 1.0, 1.0, 0]]}